Delivery rates by source node:
(17 00) 61.43 [ 43 / 70 ]
(19 00) 69.66 [ 62 / 89 ]
(21 00) 38.46 [ 25 / 65 ]
(24 00) 43.48 [ 40 / 92 ]
(09 00) 36.36 [ 16 / 44 ]
(07 00) 40.43 [ 19 / 47 ]
(08 00) 40.32 [ 25 / 62 ]
(01 00) 68.06 [ 211 / 310 ]
(16 00) 75.00 [ 51 / 68 ]
(0B 00) 48.57 [ 34 / 70 ]
(13 00) 55.07 [ 38 / 69 ]
(15 00) 75.00 [ 42 / 56 ]
(1D 00) 58.21 [ 39 / 67 ]
(0A 00) 0.00 [ 0 / 20 ]
(1F 00) 41.18 [ 28 / 68 ]
(25 00) 41.27 [ 26 / 63 ]
(1C 00) 65.00 [ 39 / 60 ]
(04 00) 0.00 [ 0 / 20 ]
(03 00) 48.84 [ 21 / 43 ]
(0C 00) 50.79 [ 32 / 63 ]
(22 00) 36.76 [ 25 / 68 ]
(18 00) 0.00 [ 0 / 20 ]
(23 00) 58.75 [ 47 / 80 ]
(14 00) 64.13 [ 59 / 92 ]
(0D 00) 56.45 [ 35 / 62 ]
(12 00) 45.07 [ 32 / 71 ]
(05 00) 33.33 [ 15 / 45 ]
(1A 00) 53.12 [ 51 / 96 ]
(26 00) 59.38 [ 38 / 64 ]
(06 00) 42.55 [ 20 / 47 ]
(20 00) 40.70 [ 35 / 86 ]
(1B 00) 58.18 [ 32 / 55 ]
(0E 00) 38.00 [ 19 / 50 ]
(02 00) 75.00 [ 21 / 28 ]
(10 00) 0.00 [ 0 / 20 ]
(1E 00) 73.03 [ 65 / 89 ]

Delay by source node:
(17 00) 240.60
(19 00) 194.50
(21 00) 443.64
(24 00) 322.68
(09 00) 166.62
(07 00) 252.74
(08 00) 336.44
(01 00) 273.99
(16 00) 214.59
(0B 00) 234.24
(13 00) 428.24
(15 00) 152.05
(1D 00) 457.38
(0A 00) -1
(1F 00) 733.68
(25 00) 671.50
(1C 00) 331.00
(04 00) -1
(03 00) 183.14
(0C 00) 694.28
(22 00) 536.96
(18 00) -1
(23 00) 290.40
(14 00) 143.63
(0D 00) 667.63
(12 00) 373.31
(05 00) 178.60
(1A 00) 314.76
(26 00) 198.34
(06 00) 233.75
(20 00) 290.43
(1B 00) 208.81
(0E 00) 561.32
(02 00) 1669.90
(10 00) -1
(1E 00) 180.63

Delivery rates by packet type:
03 76.92 [ 190 / 247 ]  SDN_PACKET_DATA_FLOW_REQUEST
04 67.53 [ 655 / 970 ]  SDN_PACKET_NEIGHBOR_REPORT
05 10.29 [ 70 / 680 ]   SDN_PACKET_DATA
0C 74.88 [ 158 / 211 ]  SDN_PACKET_ACK
0D 100.00 [ 1 / 1 ]     SDN_PACKET_REGISTER_FLOWID
E7 68.06 [ 211 / 310 ]  SDN_PACKET_SRC_ROUTED_DATA_FLOW_SETUP
Fraction of data packets: 5.45%

Delay by packet type:
03 104.29       SDN_PACKET_DATA_FLOW_REQUEST
04 344.28       SDN_PACKET_NEIGHBOR_REPORT
05 827.83       SDN_PACKET_DATA
0C 252.41       SDN_PACKET_ACK
0D 31640.00     SDN_PACKET_REGISTER_FLOWID
E7 273.99       SDN_PACKET_SRC_ROUTED_DATA_FLOW_SETUP

Overall delivery rate:
53.12 [ 1285 / 2419 ]

Overall delay:
336.65