TIME	     NODE ID   CLOCK_T	CPU	  LPM	        TX	  RX
01:40.410	ID:2	12806	777	326902		23	327655
01:40.522	ID:4	12806	724	326955		0	327679
01:40.556	ID:1	12806	753	326926		0	327680
01:40.888	ID:5	12806	731	326948		0	327679
01:41.073	ID:3	12806	737	326942		0	327680
01:50.410	ID:2	14086	728	326951		0	327680
01:50.522	ID:4	14086	724	326955		0	327679
01:50.556	ID:1	14086	731	326947		0	327679
01:50.888	ID:5	14086	724	326955		0	327679
01:51.073	ID:3	14086	724	326955		0	327680
02:00.410	ID:2	15366	730	326949		0	327679
02:00.522	ID:4	15366	748	326931		0	327679
02:00.642	ID:1	15376	4914	325562		31	330446
02:01.073	ID:3	15366	737	326942		0	327680
02:10.410	ID:2	16646	7672	320006		87	327592
02:10.522	ID:4	16646	8390	319288		23	327656
02:10.557	ID:1	16646	7644	317237		64	324819
02:11.073	ID:3	16646	3516	324162		55	327624
02:20.410	ID:2	17926	739	326940		0	327678
02:20.522	ID:4	17926	797	326882		24	327655
02:20.556	ID:1	17926	758	326920		0	327679
02:20.888	ID:5	17926	755	326923		0	327679
02:21.073	ID:3	17926	738	326940		0	327679
02:30.410	ID:2	19206	728	326951		0	327680
02:30.522	ID:4	19206	730	326948		0	327679
02:30.556	ID:1	19206	737	326942		0	327680
02:30.888	ID:5	19206	730	326949		0	327679
02:31.073	ID:3	19206	738	326941		0	327680
02:40.410	ID:2	20486	742	326937		0	327679
02:40.522	ID:4	20486	742	326937		0	327679
02:40.557	ID:1	20486	789	326890		23	327656
02:40.888	ID:5	20486	740	326939		0	327679
02:41.073	ID:3	20486	730	326949		0	327679
02:50.410	ID:2	21766	730	326949		0	327679
02:50.522	ID:4	21766	736	326942		0	327679
02:50.556	ID:1	21766	762	326918		0	327680
02:50.888	ID:5	21766	737	326942		0	327679
02:51.073	ID:3	21766	737	326942		0	327680
03:00.410	ID:2	23046	730	326949		0	327679
03:00.522	ID:4	23046	734	326944		0	327679
03:00.642	ID:1	23056	4898	325576		31	330443
03:01.073	ID:3	23046	737	326942		0	327679
03:10.410	ID:2	24326	7592	320086		63	327616
03:10.522	ID:4	24326	8346	319333		0	327679
03:10.557	ID:1	24326	7631	317252		64	324820
03:11.073	ID:3	24326	3438	324241		32	327647
03:20.410	ID:2	25606	738	326941		0	327678
03:20.522	ID:4	25606	737	326942		0	327679
03:20.556	ID:1	25606	751	326927		0	327679
03:20.888	ID:5	25606	738	326941		0	327679
03:21.073	ID:3	25606	739	326940		0	327679
03:30.410	ID:2	26886	728	326951		0	327680
03:30.522	ID:4	26886	729	326949		0	327679
03:30.556	ID:1	26886	743	326936		0	327680
03:30.888	ID:5	26886	730	326949		0	327679
03:31.073	ID:3	26886	730	326949		0	327680
03:40.410	ID:2	28166	730	326949		0	327679
03:40.522	ID:4	28166	735	326942		0	327679
03:40.556	ID:1	28166	743	326936		0	327680
03:40.888	ID:5	28166	737	326942		0	327679
03:41.073	ID:3	28166	730	326949		0	327680
03:50.410	ID:2	29446	730	326949		0	327679
03:50.522	ID:4	29446	730	326949		0	327679
03:50.556	ID:1	29446	744	326935		0	327680
03:50.888	ID:5	29446	730	326949		0	327679
03:51.073	ID:3	29446	730	326949		0	327680
04:00.410	ID:2	30726	730	326949		0	327679
04:00.522	ID:4	30726	735	326944		0	327679
04:00.642	ID:1	30736	4905	325568		31	330444
04:01.073	ID:3	30726	738	326941		0	327680
04:10.410	ID:2	32006	7603	320076		62	327617
04:10.522	ID:4	32006	8341	319337		0	327679
04:10.557	ID:1	32006	7645	317239		63	324820
04:11.073	ID:3	32006	3489	324190		54	327624
04:20.410	ID:2	33286	768	326912		0	327679
04:20.522	ID:4	33286	757	326922		0	327680
04:20.557	ID:1	33286	799	326879		23	327655
04:20.888	ID:5	33286	752	326927		0	327680
04:21.073	ID:3	33286	744	326936		0	327680
04:30.410	ID:2	34566	728	326950		0	327679
04:30.522	ID:4	34566	730	326949		0	327679
04:30.556	ID:1	34566	745	326934		0	327679
04:30.888	ID:5	34566	730	326949		0	327679
04:31.073	ID:3	34566	730	326949		0	327679
04:40.410	ID:2	35846	737	326942		0	327680
04:40.522	ID:4	35846	737	326942		0	327679
04:40.556	ID:1	35846	750	326929		0	327680
04:40.888	ID:5	35846	737	326942		0	327679
04:41.073	ID:3	35846	730	326949		0	327680
04:50.410	ID:2	37126	737	326942		0	327680
04:50.522	ID:4	37126	743	326936		0	327679
04:50.556	ID:1	37126	766	326914		0	327680
04:50.888	ID:5	37126	782	326897		24	327655
04:51.073	ID:3	37126	738	326941		0	327680
05:00.410	ID:2	38406	752	326928		0	327680
05:00.522	ID:4	38406	741	326938		0	327679
05:00.642	ID:1	38416	4911	325564		31	330443
05:01.073	ID:3	38406	730	326949		0	327679
05:10.411	ID:2	39686	7610	320068		64	327615
05:10.523	ID:4	39686	8326	319351		0	327680
05:10.557	ID:1	39686	7618	317265		64	324820
05:11.074	ID:3	39686	3438	324241		32	327648
05:20.411	ID:2	40966	758	326920		0	327679
05:20.522	ID:4	40966	750	326929		0	327679
05:20.557	ID:1	40966	759	326920		0	327679
05:20.889	ID:5	40966	752	326927		0	327679
05:21.074	ID:3	40966	752	326927		0	327679
05:30.411	ID:2	42246	750	326929		0	327680
05:30.522	ID:4	42246	743	326936		0	327679
05:30.557	ID:1	42246	765	326914		0	327680
05:30.889	ID:5	42246	749	326930		0	327679
05:31.074	ID:3	42246	759	326920		0	327680
05:40.411	ID:2	43526	750	326929		0	327680
05:40.522	ID:4	43526	744	326935		0	327679
05:40.557	ID:1	43526	757	326922		0	327679
05:40.889	ID:5	43526	743	326936		0	327679
05:41.074	ID:3	43526	750	326928		0	327679
05:50.411	ID:2	44806	757	326922		0	327680
05:50.522	ID:4	44806	751	326928		0	327680
05:50.557	ID:1	44806	757	326922		0	327680
05:50.888	ID:5	44806	744	326936		0	327679
05:51.074	ID:3	44806	744	326935		0	327679
06:00.411	ID:2	46086	751	326928		0	327679
06:00.522	ID:4	46086	755	326923		0	327680
06:00.642	ID:1	46096	4912	325563		31	330444
06:01.074	ID:3	46086	744	326935		0	327680
06:10.411	ID:2	47366	7614	320065		62	327617
06:10.523	ID:4	47366	8341	319337		0	327679
06:10.557	ID:1	47366	7637	317247		63	324820
06:11.074	ID:3	47366	3452	324228		31	327648
06:20.411	ID:2	48646	766	326912		0	327679
06:20.522	ID:4	48646	802	326876		23	327655
06:20.557	ID:1	48646	774	326905		0	327679
06:20.889	ID:5	48646	781	326898		0	327679
06:21.074	ID:3	48646	756	326923		0	327679
06:30.411	ID:2	49926	751	326928		0	327679
06:30.522	ID:4	49926	745	326935		0	327679
06:30.557	ID:1	49926	765	326914		0	327680
06:30.889	ID:5	49926	750	326929		0	327679
06:31.074	ID:3	49926	744	326935		0	327679
06:40.411	ID:2	51206	751	326928		0	327680
06:40.522	ID:4	51206	735	326945		0	327679
06:40.557	ID:1	51206	757	326922		0	327679
06:40.889	ID:5	51206	757	326923		0	327679
06:41.074	ID:3	51206	744	326935		0	327680
06:50.411	ID:2	52486	814	326865		23	327656
06:50.522	ID:4	52486	735	326945		0	327679
06:50.557	ID:1	52486	770	326909		0	327680
06:50.889	ID:5	52486	741	326938		0	327679
06:51.074	ID:3	52486	815	326864		23	327657
07:00.411	ID:2	53766	758	326921		0	327680
07:00.522	ID:4	53766	747	326933		0	327679
07:00.642	ID:1	53776	4912	325563		31	330444
07:01.074	ID:3	53766	745	326934		0	327679
07:10.411	ID:2	55046	7612	320066		62	327617
07:10.523	ID:4	55046	8340	319339		0	327679
07:10.557	ID:1	55046	7645	317239		63	324820
07:11.074	ID:3	55046	3449	324229		31	327648
07:20.411	ID:2	56326	765	326914		0	327678
07:20.523	ID:4	56326	757	326922		0	327679
07:20.557	ID:1	56326	760	326918		0	327679
07:20.889	ID:5	56326	758	326921		0	327679
07:21.074	ID:3	56326	752	326927		0	327679
07:30.411	ID:2	57606	748	326931		0	327679
07:30.523	ID:4	57606	750	326929		0	327679
07:30.557	ID:1	57606	764	326914		0	327680
07:30.889	ID:5	57606	763	326917		0	327679
07:31.074	ID:3	57606	751	326928		0	327680
07:40.411	ID:2	58886	757	326922		0	327679
07:40.523	ID:4	58886	750	326929		0	327679
07:40.557	ID:1	58886	757	326922		0	327679
07:40.889	ID:5	58886	741	326938		0	327679
07:41.074	ID:3	58886	744	326935		0	327679
07:50.411	ID:2	60166	764	326915		0	327680
07:50.523	ID:4	60166	750	326929		0	327679
07:50.557	ID:1	60166	757	326922		0	327680
07:50.889	ID:5	60166	751	326929		0	327679
07:51.074	ID:3	60166	744	326935		0	327679
08:00.411	ID:2	61446	757	326922		0	327679
08:00.523	ID:4	61446	761	326917		0	327679
08:00.642	ID:1	61456	4912	325563		31	330444
08:01.074	ID:3	61446	744	326935		0	327679
08:10.411	ID:2	62726	7630	320049		62	327617
08:10.523	ID:4	62726	8361	319318		0	327679
08:10.557	ID:1	62726	7687	317195		86	324797
08:11.074	ID:3	62726	3450	324229		31	327648
08:20.411	ID:2	64006	765	326914		0	327678
08:20.523	ID:4	64006	757	326922		0	327679
08:20.557	ID:1	64006	765	326914		0	327679
08:20.889	ID:5	64006	758	326921		0	327679
08:21.074	ID:3	64006	759	326920		0	327680
08:30.411	ID:2	65286	748	326931		0	327679
08:30.522	ID:4	65286	751	326929		0	327679
08:30.557	ID:1	65286	771	326908		0	327680
08:30.889	ID:5	65286	767	326913		0	327679
08:31.074	ID:3	65286	744	326935		0	327679
08:40.411	ID:2	66566	767	326913		0	327680
08:40.523	ID:4	66566	757	326923		0	327680
08:40.557	ID:1	66566	757	326922		0	327679
08:40.889	ID:5	66566	749	326930		0	327679
08:41.074	ID:3	66566	754	326926		0	327680
08:50.411	ID:2	67846	765	326914		0	327679
08:50.523	ID:4	67846	750	326929		0	327679
08:50.557	ID:1	67846	757	326922		0	327679
08:50.889	ID:5	67846	757	326922		0	327679
08:51.074	ID:3	67846	744	326935		0	327679
09:00.411	ID:2	69126	757	326922		0	327679
09:00.523	ID:4	69126	754	326925		0	327679
09:00.642	ID:1	69136	4911	325564		31	330444
09:01.074	ID:3	69126	744	326935		0	327680
09:10.411	ID:2	70406	7620	320058		64	327616
09:10.523	ID:4	70406	8355	319323		0	327680
09:10.557	ID:1	70406	7643	317240		63	324820
09:11.074	ID:3	70406	3451	324227		32	327648
09:20.411	ID:2	71686	766	326913		0	327679
09:20.522	ID:4	71686	757	326922		0	327678
09:20.557	ID:1	71686	765	326913		0	327679
09:20.889	ID:5	71686	758	326921		0	327679
09:21.074	ID:3	71686	760	326919		0	327679
09:30.411	ID:2	72966	772	326906		0	327680
09:30.523	ID:4	72966	748	326931		0	327680
09:30.557	ID:1	72966	765	326914		0	327680
09:30.889	ID:5	72966	750	326929		0	327679
09:31.074	ID:3	72966	744	326935		0	327679
09:40.411	ID:2	74246	757	326922		0	327679
09:40.523	ID:4	74246	750	326929		0	327679
09:40.557	ID:1	74246	757	326922		0	327679
09:40.889	ID:5	74246	757	326922		0	327679
09:41.074	ID:3	74246	744	326935		0	327680
09:50.411	ID:2	75526	757	326921		0	327680
09:50.523	ID:4	75526	802	326876		24	327655
09:50.557	ID:1	75526	770	326909		0	327680
09:50.889	ID:5	75526	761	326918		0	327679
09:51.074	ID:3	75526	744	326935		0	327680
10:00.411	ID:2	76806	757	326922		0	327680
10:00.523	ID:4	76806	756	326923		0	327679
10:00.642	ID:1	76816	4912	325563		31	330444
10:01.074	ID:3	76806	751	326928		0	327680
10:10.411	ID:2	78086	7620	320059		62	327617
10:10.523	ID:4	78086	8351	319328		0	327679
10:10.557	ID:1	78086	7638	317246		64	324820
10:11.074	ID:3	78086	3459	324220		31	327647
10:20.411	ID:2	79366	781	326898		0	327679
10:20.523	ID:4	79366	764	326915		0	327679
10:20.557	ID:1	79366	774	326905		0	327679
10:20.889	ID:5	79366	754	326925		0	327679
10:21.074	ID:3	79366	747	326931		0	327679
10:30.411	ID:2	80646	758	326921		0	327679
10:30.523	ID:4	80646	750	326929		0	327679
10:30.557	ID:1	80646	758	326921		0	327679
10:30.889	ID:5	80646	750	326929		0	327679
10:31.074	ID:3	80646	744	326935		0	327680
10:40.411	ID:2	81926	4183	323496		30	327649
10:40.523	ID:4	81926	4112	323568		31	327648
10:40.557	ID:1	81926	10738	316942		76	327603
10:41.074	ID:3	81926	743	326935		0	327680
10:50.411	ID:2	83206	788	326890		0	327679
10:50.523	ID:4	83206	778	326901		0	327679
10:50.557	ID:1	83206	879	326799		47	327631
10:50.889	ID:5	83206	784	326895		0	327679
10:51.074	ID:3	83206	757	326921		0	327680
11:00.411	ID:2	84486	757	326922		0	327680
11:00.522	ID:4	84486	755	326925		0	327679
11:00.642	ID:1	84496	4916	325556		31	330442
11:00.889	ID:5	84486	768	326911		0	327679
11:01.074	ID:3	84486	743	326935		0	327679
11:10.411	ID:2	85766	7624	320054		63	327617
11:10.523	ID:4	85766	8474	319206		29	327649
11:10.557	ID:1	85766	7758	317128		92	324794
11:10.889	ID:5	85766	775	326904		0	327679
11:11.074	ID:3	85766	3460	324220		31	327648
11:20.411	ID:2	87046	8721	318958		79	327599
11:20.523	ID:4	87046	785	326892		0	327679
11:20.558	ID:1	87046	21440	306238		115	327564
11:20.889	ID:5	87046	1948	325729		29	327650
11:21.074	ID:3	87046	3886	323792		50	327628
11:30.411	ID:2	88326	894	326783		29	327651
11:30.523	ID:4	88326	755	326924		0	327679
11:30.557	ID:1	88326	893	326786		29	327650
11:30.889	ID:5	88326	764	326916		0	327679
11:31.074	ID:3	88326	762	326917		0	327679
11:40.411	ID:2	89606	775	326904		0	327679
11:40.523	ID:4	89606	904	326773		29	327649
11:40.557	ID:1	89606	5527	322153		47	327633
11:40.889	ID:5	89606	1833	325845		59	327620
11:41.074	ID:3	89606	750	326929		0	327679
11:50.411	ID:2	90886	757	326922		0	327679
11:50.523	ID:4	90886	751	326928		0	327679
11:50.557	ID:1	90886	766	326913		0	327679
11:50.889	ID:5	90886	759	326921		0	327679
11:51.074	ID:3	90886	750	326929		0	327679
12:00.411	ID:2	92166	892	326786		29	327651
12:00.523	ID:4	92166	770	326908		0	327679
12:00.642	ID:1	92176	5052	325419		60	330413
12:00.889	ID:5	92166	875	326805		29	327650
12:01.074	ID:3	92166	882	326795		29	327650
12:10.411	ID:2	93446	11041	316637		94	327586
12:10.523	ID:4	93446	11688	315988		30	327649
12:10.558	ID:1	93446	10990	313894		117	324768
12:10.889	ID:5	93446	1692	325987		0	327679
12:11.074	ID:3	93446	3466	324214		32	327648
12:20.411	ID:2	94726	772	326907		0	327679
12:20.523	ID:4	94726	765	326914		0	327679
12:20.557	ID:1	94726	779	326900		0	327678
12:20.889	ID:5	94726	757	326922		0	327679
12:21.074	ID:3	94726	759	326920		0	327678
12:30.411	ID:2	96006	764	326915		0	327679
12:30.522	ID:4	96006	751	326929		0	327679
12:30.557	ID:1	96006	748	326931		0	327679
12:30.889	ID:5	96006	751	326929		0	327679
12:31.074	ID:3	96006	748	326930		0	327680
12:40.411	ID:2	97286	757	326922		0	327679
12:40.522	ID:4	97286	749	326931		0	327679
12:40.557	ID:1	97286	774	326906		0	327680
12:40.889	ID:5	97286	742	326938		0	327679
12:41.074	ID:3	97286	762	326917		0	327680
12:50.411	ID:2	98566	757	326922		0	327679
12:50.523	ID:4	98566	741	326938		0	327679
12:50.557	ID:1	98566	757	326921		0	327679
12:50.889	ID:5	98566	742	326938		0	327679
12:51.074	ID:3	98566	750	326929		0	327679
13:00.411	ID:2	99846	757	326922		0	327679
13:00.522	ID:4	99846	755	326925		0	327679
13:00.642	ID:1	99856	4909	325563		31	330442
13:00.889	ID:5	99846	761	326919		0	327679
13:01.074	ID:3	99846	757	326921		0	327680
13:10.411	ID:2	101126	7619	320059		64	327616
13:10.523	ID:4	101126	8339	319340		0	327679
13:10.557	ID:1	101126	7634	317251		64	324822
13:10.889	ID:5	101126	755	326924		0	327679
13:11.074	ID:3	101126	3457	324222		32	327648
13:20.411	ID:2	102406	772	326907		0	327679
13:20.523	ID:4	102406	764	326915		0	327679
13:20.557	ID:1	102406	773	326906		0	327679
13:20.889	ID:5	102406	767	326912		0	327679
13:21.074	ID:3	102406	765	326914		0	327678
13:30.411	ID:2	103686	783	326896		0	327679
13:30.523	ID:4	103686	776	326903		0	327679
13:30.557	ID:1	103686	823	326856		23	327657
13:30.889	ID:5	103686	758	326922		0	327679
13:31.074	ID:3	103686	748	326931		0	327679
